1, 2, 334.939209, 93.721420, 48.266998, 19.581604, 0.996776
1, 2, 195.494431, 139.187515, 97.835007, 33.235855, 0.984714
1, 2, 197.332077, 103.587570, 56.146255, 21.383453, 0.964931
1, 2, 145.245209, 85.592964, 17.436630, 14.425804, 0.922505
1, 2, 151.000320, 69.631821, 10.299744, 8.332397, 0.882688
1, 2, 440.439056, 81.841209, 61.754181, 30.509911, 0.988340
1, 7, 443.022858, 82.052330, 63.404663, 29.518326, 0.971190
2, 2, 334.755920, 92.859497, 46.558167, 20.644966, 0.995505
2, 2, 195.429642, 103.785698, 54.172073, 20.656586, 0.974077
2, 2, 198.690643, 139.351471, 98.130402, 33.127228, 0.974538
2, 2, 150.800217, 69.713425, 10.664597, 8.210037, 0.878267
2, 2, 145.467758, 85.641029, 17.164398, 14.607330, 0.886786
2, 2, 440.341125, 81.760002, 61.907135, 30.670303, 0.987512
2, 7, 442.983582, 82.020775, 63.473511, 29.584030, 0.969547
3, 2, 332.207092, 92.595314, 49.524811, 21.537979, 0.991912
3, 2, 192.271011, 103.551704, 54.226685, 21.947838, 0.986620
3, 2, 200.596024, 138.959198, 103.627457, 34.413345, 0.971815
3, 2, 145.099991, 85.403976, 17.371765, 14.783127, 0.894815
3, 2, 150.613052, 69.438416, 10.803818, 8.410484, 0.881281
3, 2, 440.390747, 81.775719, 61.830933, 30.576546, 0.987479
3, 7, 443.031921, 81.998322, 63.408386, 29.569687, 0.969996
4, 2, 326.541962, 93.755524, 52.306427, 19.817162, 0.995732
4, 2, 191.195618, 103.911278, 55.144089, 22.293976, 0.990715
4, 2, 201.974213, 139.740707, 104.483643, 33.384949, 0.968671
4, 2, 144.963089, 85.098022, 17.258484, 15.000175, 0.908585
4, 2, 150.516953, 69.485291, 10.931366, 8.382050, 0.871328
4, 2, 440.248047, 81.747772, 62.126099, 30.622978, 0.987011
4, 7, 443.023712, 81.927086, 63.431000, 29.659386, 0.970226
5, 2, 326.604004, 93.704552, 52.176422, 19.883972, 0.995848
5, 2, 191.205994, 103.929367, 55.129028, 22.251762, 0.991338
5, 2, 202.171402, 139.717926, 104.120926, 33.356705, 0.966830
5, 2, 144.892624, 85.217705, 17.321533, 14.661644, 0.927422
5, 2, 150.376999, 69.504280, 11.103409, 8.413345, 0.875283
5, 2, 440.226898, 81.817268, 62.165070, 30.550621, 0.987290
5, 7, 442.985962, 81.941658, 63.489807, 29.657364, 0.969182
6, 2, 190.128693, 104.040421, 54.732224, 22.731003, 0.994166
6, 2, 326.705780, 93.064362, 48.092041, 20.336159, 0.995105
6, 2, 208.613190, 139.659134, 99.385773, 33.848877, 0.981190
6, 2, 144.996323, 85.443466, 16.890045, 14.529633, 0.930035
6, 2, 150.320328, 69.433289, 11.028976, 8.371925, 0.886106
6, 2, 0.243679, 170.140945, 82.351242, 80.991333, 0.805173
6, 2, 440.195801, 81.715614, 62.254608, 30.730461, 0.986300
6, 7, 442.867706, 81.897133, 63.661316, 29.777924, 0.966833
7, 2, 185.944260, 103.369331, 53.456985, 24.093910, 0.993792
7, 2, 211.029602, 139.383026, 100.662872, 33.268768, 0.987297
7, 2, 319.792297, 92.783684, 52.135620, 20.825798, 0.990266
7, 2, 145.029846, 85.307426, 16.627747, 14.445908, 0.940365
7, 2, 150.148331, 69.459846, 11.085098, 8.517311, 0.901722
7, 2, 440.187469, 81.763985, 62.255676, 30.632179, 0.986811
7, 7, 442.878662, 81.942818, 63.618683, 29.710320, 0.965577
8, 2, 182.606277, 102.948174, 52.780106, 24.942322, 0.994350
8, 2, 214.906662, 139.808929, 101.054703, 32.879181, 0.972510
8, 2, 319.649445, 92.350609, 51.199799, 21.037056, 0.990021
8, 2, 145.223511, 85.139000, 16.484146, 14.470352, 0.942484
8, 2, 150.280731, 69.370651, 10.919357, 8.563522, 0.890946
8, 2, 440.170319, 81.689400, 62.303711, 30.696487, 0.987387
8, 7, 442.918762, 81.959373, 63.500458, 29.639984, 0.967529
9, 2, 182.102844, 103.556007, 51.573090, 24.821251, 0.993769
9, 2, 217.240601, 139.988754, 100.029175, 32.644928, 0.984097
9, 2, 312.275299, 93.432892, 55.820557, 19.167488, 0.987774
9, 2, 145.307938, 85.447517, 16.270264, 14.129929, 0.958272
9, 2, 150.148682, 69.245842, 10.773529, 8.639236, 0.906235
9, 2, 440.083618, 81.674942, 62.501373, 30.870438, 0.986156
9, 7, 442.857391, 81.997002, 63.599579, 29.717628, 0.967704
10, 2, 181.777252, 103.621880, 50.329514, 24.557701, 0.994514
10, 2, 219.644333, 140.299316, 105.373093, 32.546814, 0.991117
10, 2, 309.379639, 93.875000, 51.659943, 18.686996, 0.990787
10, 2, 145.079224, 85.271797, 16.481903, 14.173950, 0.957583
10, 2, 0.182404, 174.695053, 84.552780, 106.506058, 0.965192
10, 2, 149.886948, 69.051712, 11.003662, 8.925293, 0.897043
10, 2, 440.062775, 81.757515, 62.595245, 30.752983, 0.985412
10, 7, 442.903778, 82.016876, 63.519989, 29.703499, 0.969829
11, 2, 219.710007, 140.218781, 105.119583, 32.593903, 0.991665
11, 2, 181.767456, 103.601036, 50.248611, 24.633736, 0.994497
11, 2, 309.538116, 93.887878, 51.292236, 18.698174, 0.990891
11, 2, 145.165115, 85.226418, 16.507355, 14.153130, 0.960901
11, 2, 0.208637, 174.602386, 84.660042, 106.348785, 0.966969
11, 2, 149.911697, 69.133842, 10.759460, 8.856102, 0.903957
11, 2, 440.016785, 81.721291, 62.662415, 30.816742, 0.985130
11, 7, 442.827911, 82.027336, 63.663544, 29.729057, 0.969765
12, 2, 177.246033, 103.660889, 52.557404, 25.576096, 0.993095
12, 2, 224.839584, 140.267029, 103.943680, 32.462753, 0.975470
12, 2, 307.973358, 93.517815, 53.320831, 18.520401, 0.983906
12, 2, 144.741302, 85.357300, 16.616165, 13.776176, 0.956622
12, 2, -0.405897, 174.403885, 84.940247, 105.818832, 0.940381
12, 2, 150.061340, 69.343185, 10.544815, 8.704796, 0.900001
12, 2, 440.005219, 81.772522, 62.707092, 30.809784, 0.985666
12, 7, 442.761108, 82.096085, 63.738220, 29.705078, 0.971941
13, 2, 175.450073, 103.602951, 52.776413, 26.368286, 0.991045
13, 2, 228.086090, 140.864914, 102.036133, 31.331070, 0.986425
13, 2, 307.374603, 93.162697, 52.680603, 18.487007, 0.981571
13, 2, -0.517999, 175.345520, 86.131683, 105.133667, 0.956046
13, 2, 144.528976, 85.373886, 16.820694, 13.709587, 0.947824
13, 2, 149.693466, 69.381081, 10.823929, 8.677574, 0.903527
13, 2, 440.051086, 81.634468, 62.590363, 30.973396, 0.986369
13, 7, 442.707031, 82.030678, 63.778015, 29.795227, 0.971983
14, 2, 170.874298, 104.301010, 52.413467, 25.891418, 0.991583
14, 2, 233.813751, 139.971222, 98.693726, 33.658295, 0.986702
14, 2, 303.222046, 93.607788, 53.526855, 18.434448, 0.980051
14, 2, -0.830692, 174.642044, 93.323227, 106.365219, 0.953767
14, 2, 144.706833, 85.195984, 16.477188, 13.439636, 0.954904
14, 2, 149.656952, 69.332802, 10.886475, 8.729858, 0.924660
14, 2, 440.105682, 81.704346, 62.437592, 30.930298, 0.986003
14, 7, 442.863892, 82.018242, 63.529877, 29.803108, 0.970290
15, 2, 299.291321, 93.657280, 54.988922, 18.413765, 0.979812
15, 2, 237.579468, 140.080093, 101.176941, 31.992386, 0.967042
15, 2, 169.946075, 104.759872, 52.125595, 26.383987, 0.972207
15, 2, -2.155224, 176.689148, 96.335205, 103.699158, 0.966064
15, 2, 144.647644, 84.993729, 16.560989, 13.843124, 0.940725
15, 2, 149.641861, 69.364227, 10.780975, 8.509384, 0.936938
15, 2, 440.061127, 81.799240, 62.597137, 30.703400, 0.985469
15, 7, 442.831451, 82.078720, 63.606262, 29.615639, 0.971757
16, 2, -3.147609, 177.334778, 99.414017, 103.087952, 0.988588
16, 2, 168.374741, 105.021988, 53.100693, 25.579636, 0.989634
16, 2, 239.236832, 139.892624, 101.563400, 32.398041, 0.979858
16, 2, 297.212799, 93.567207, 52.632904, 19.002930, 0.962876
16, 2, 149.611923, 69.286011, 10.760468, 8.488342, 0.938658
16, 2, 144.562302, 84.813400, 16.603058, 13.847893, 0.922248
16, 2, 440.163574, 81.643295, 62.351868, 30.871101, 0.984975
16, 7, 442.882416, 82.017410, 63.489716, 29.689224, 0.970779
17, 2, -3.091856, 177.182816, 99.436928, 103.188370, 0.988829
17, 2, 168.362122, 105.003746, 53.088654, 25.613960, 0.990080
17, 2, 239.077667, 139.850525, 101.813354, 32.560272, 0.976656
17, 2, 297.231140, 93.475342, 52.541962, 19.130455, 0.966055
17, 2, 149.858368, 69.211136, 10.571808, 8.481483, 0.929399
17, 2, 144.589569, 84.966530, 16.619370, 13.726524, 0.916593
17, 2, 440.206909, 81.822067, 62.311493, 30.598686, 0.984655
17, 7, 442.923157, 82.136513, 63.436920, 29.543106, 0.970252
18, 2, -2.450612, 178.127487, 98.341057, 105.059372, 0.987043
18, 2, 243.832779, 139.560242, 100.755753, 33.888687, 0.980891
18, 2, 296.764374, 91.960564, 52.753204, 20.760887, 0.975843
18, 2, 168.925735, 105.032463, 50.705917, 25.223091, 0.984195
18, 2, 149.846741, 69.198067, 10.663635, 8.436981, 0.930205
18, 2, 144.697189, 85.052269, 16.425980, 13.444656, 0.905581
18, 2, 440.213898, 81.796738, 62.354889, 30.606606, 0.986355
18, 7, 442.835571, 82.105919, 63.578888, 29.532005, 0.973716
19, 2, -2.676308, 176.676620, 101.867889, 106.297409, 0.990907
19, 2, 161.992096, 104.294632, 55.067719, 27.927277, 0.992658
19, 2, 294.114380, 90.591103, 50.556091, 21.488091, 0.989673
19, 2, 249.950531, 139.175583, 99.078674, 34.217087, 0.981529
19, 2, 149.616974, 69.109108, 10.950684, 8.659485, 0.932390
19, 2, 144.732483, 84.613472, 15.989700, 13.704964, 0.897323
19, 2, 440.197571, 81.883972, 62.478394, 30.551331, 0.985592
19, 7, 442.816193, 82.180771, 63.629852, 29.489662, 0.976621
20, 2, -2.580581, 179.106995, 104.646736, 101.511780, 0.997369
20, 2, 157.613358, 105.678528, 55.560822, 25.836014, 0.990993
20, 2, 290.313538, 91.225693, 50.811829, 19.990662, 0.992798
20, 2, 251.462463, 139.645935, 98.520569, 33.837143, 0.979830
20, 2, 149.705368, 69.178940, 10.868225, 8.477081, 0.924992
20, 2, 144.986786, 84.727562, 15.510773, 13.472305, 0.851176
20, 2, 440.227325, 81.871231, 62.303833, 30.448418, 0.986080
20, 7, 442.843933, 82.171593, 63.588196, 29.414131, 0.974571
21, 2, -1.618217, 178.088089, 109.032501, 105.660599, 0.997003
21, 2, 155.754303, 105.624771, 56.389679, 26.849152, 0.990602
21, 2, 256.006744, 139.459778, 99.315582, 33.415039, 0.980955
21, 2, 290.079224, 91.667465, 43.930359, 20.226852, 0.978831
21, 2, 149.633682, 68.972328, 10.948776, 8.620049, 0.922330
21, 2, 440.155853, 81.856377, 62.442780, 30.371437, 0.985200
21, 7, 442.894867, 82.128876, 63.507996, 29.369942, 0.972447
22, 2, 0.494269, 178.724457, 111.938301, 110.382263, 0.994304
22, 2, 150.293625, 106.226440, 58.552002, 25.895203, 0.994245
22, 2, 288.593750, 92.078682, 45.090515, 20.604446, 0.990436
22, 2, 258.981903, 139.221848, 101.014526, 33.246063, 0.944746
22, 2, 149.427094, 69.086372, 10.876633, 8.501465, 0.924041
22, 2, 440.069519, 81.922668, 62.632751, 30.250687, 0.984153
22, 7, 442.964111, 82.158783, 63.423401, 29.319061, 0.973187
23, 2, 0.566671, 178.515106, 111.754379, 110.480011, 0.994408
23, 2, 150.244034, 106.330818, 58.771347, 25.803383, 0.994566
23, 2, 288.471100, 92.109756, 45.319061, 20.450195, 0.989831
23, 2, 259.097565, 139.147217, 100.889465, 33.241577, 0.944624
23, 2, 149.487930, 69.006317, 10.658524, 8.540459, 0.927641
23, 2, 441.614777, 82.100159, 62.830261, 29.687256, 0.983200
24, 2, -0.133812, 180.110947, 116.785172, 110.889114, 0.991719
24, 2, 286.671143, 91.781334, 47.924530, 21.408569, 0.992766
24, 2, 148.350754, 106.898140, 58.306335, 24.718102, 0.993912
24, 2, 262.408844, 138.689316, 100.868439, 31.998138, 0.941603
24, 2, 149.440994, 68.935135, 10.880890, 8.713181, 0.925047
24, 2, 441.673615, 82.049431, 62.718353, 29.726379, 0.982271
25, 2, 281.477783, 91.825592, 50.248810, 19.169754, 0.995433
25, 2, 0.086304, 183.257690, 120.482208, 109.404755, 0.990411
25, 2, 145.363007, 106.863945, 56.064545, 26.147148, 0.992909
25, 2, 149.388351, 68.843628, 11.013306, 8.795052, 0.931954
25, 2, 265.015472, 138.478943, 105.010376, 34.026733, 0.931466
25, 2, 441.659332, 82.073990, 62.751373, 29.708206, 0.982054
26, 2, 0.439362, 188.321381, 123.357834, 100.901642, 0.992627
26, 2, 280.844055, 92.046585, 47.547302, 18.313362, 0.994587
26, 2, 147.383652, 107.368355, 51.035477, 25.776283, 0.971653
26, 2, 149.355820, 68.953934, 11.038040, 8.494064, 0.938349
26, 2, 270.279327, 138.807587, 105.875061, 36.928467, 0.909614
26, 2, 441.612854, 82.183479, 62.855835, 29.630821, 0.981896
27, 2, 5.029600, 187.334351, 123.218079, 96.385010, 0.996801
27, 2, 141.056793, 107.400780, 57.224228, 27.296394, 0.989489
27, 2, 277.327698, 91.947578, 47.445374, 19.452599, 0.993920
27, 2, 149.324524, 68.878403, 10.976440, 8.472237, 0.945245
27, 2, 275.011475, 138.603668, 104.420959, 39.175919, 0.831697
27, 2, 441.676208, 82.165810, 62.718689, 29.521965, 0.980956
28, 2, 138.854935, 108.014664, 57.643173, 25.896133, 0.991372
28, 2, 6.059604, 188.341400, 126.667877, 96.458069, 0.979231
28, 2, 275.535370, 91.820641, 47.657288, 19.424583, 0.986183
28, 2, 149.636475, 68.924881, 10.644730, 8.457138, 0.945658
28, 2, 279.257050, 137.897034, 101.678864, 38.738434, 0.830110
28, 2, 441.629639, 82.083672, 62.809662, 29.606857, 0.981403
29, 2, 138.900787, 107.956909, 57.462463, 26.081268, 0.989707
29, 2, 6.241000, 188.613556, 126.506180, 96.041626, 0.978530
29, 2, 275.498383, 91.873589, 47.746155, 19.309967, 0.985624
29, 2, 149.628204, 68.940727, 10.607513, 8.465942, 0.946717
29, 2, 279.562256, 138.002869, 101.260315, 38.603348, 0.846897
29, 2, 441.658997, 82.076057, 62.790253, 29.576859, 0.981209
30, 2, 134.743591, 109.686913, 56.610168, 26.944191, 0.989594
30, 2, 271.449524, 91.871780, 49.144775, 18.447861, 0.992421
30, 2, 12.956519, 191.776535, 125.214302, 93.587357, 0.988025
30, 2, 149.574692, 68.952858, 10.561111, 8.502693, 0.946346
30, 2, 441.728271, 81.976402, 62.603210, 29.626411, 0.980826
31, 2, 18.116190, 193.951797, 123.075447, 90.459579, 0.993654
31, 2, 268.920197, 91.695122, 47.562561, 18.434921, 0.988171
31, 2, 133.520569, 109.849152, 56.229248, 27.825409, 0.967660
31, 2, 149.113983, 68.683060, 11.101624, 8.974632, 0.951059
31, 2, 440.883667, 82.115875, 64.033478, 29.459778, 0.983895
32, 2, 15.040826, 192.533112, 129.947037, 93.179779, 0.995303
32, 2, 132.444580, 109.926163, 56.819244, 28.192108, 0.990258
32, 2, 265.195007, 91.676003, 49.432495, 19.117767, 0.986244
32, 2, 148.962296, 68.631409, 11.326859, 9.177849, 0.948716
32, 2, 440.874115, 82.189247, 64.074341, 29.448746, 0.984977
33, 2, 25.633204, 194.115692, 122.713188, 91.126007, 0.997672
33, 2, 127.271049, 109.666443, 57.181282, 29.348358, 0.984420
33, 2, 264.010132, 92.134071, 48.772339, 17.836632, 0.969310
33, 2, 149.222855, 68.604446, 11.132965, 9.243744, 0.930150
33, 2, 440.815002, 82.168976, 64.153503, 29.445389, 0.985381
34, 2, 263.301666, 91.828453, 47.279602, 19.124992, 0.990974
34, 2, 123.911270, 109.354485, 58.067062, 29.961617, 0.983064
34, 2, 22.820026, 192.183762, 130.478867, 96.529892, 0.976263
34, 2, 149.284653, 68.748337, 11.065460, 9.141495, 0.924003
34, 2, 301.494049, 139.060425, 98.133148, 32.637421, 0.930057
34, 2, 440.858093, 82.194023, 64.092224, 29.402817, 0.985976
35, 2, 23.265602, 192.513535, 129.944672, 96.049026, 0.982082
35, 2, 263.236725, 91.878166, 47.342407, 19.012749, 0.990568
35, 2, 123.959747, 109.294846, 57.969284, 30.087296, 0.982740
35, 2, 149.231873, 68.820480, 11.069565, 9.127449, 0.918748
35, 2, 301.540436, 139.059570, 98.114288, 32.748734, 0.925202
35, 2, 440.871033, 82.125244, 64.071838, 29.501678, 0.985699
36, 2, 32.949471, 197.027573, 120.989937, 95.137009, 0.999474
36, 2, 258.640289, 92.406158, 49.024628, 17.057594, 0.988231
36, 2, 121.746635, 109.884514, 56.184853, 29.025169, 0.975364
36, 2, 149.221619, 68.470161, 11.108658, 9.229477, 0.915793
36, 2, 302.980865, 139.575012, 101.546387, 28.946594, 0.848093
36, 2, 441.040741, 81.873322, 63.780609, 29.726540, 0.983586
37, 2, 45.877605, 198.585373, 110.579681, 97.283279, 0.999803
37, 2, 116.428146, 109.871140, 59.281952, 29.037888, 0.995228
37, 2, 257.561981, 91.952240, 44.695343, 17.855057, 0.988385
37, 2, 149.365204, 68.514458, 10.978653, 9.180099, 0.920113
37, 2, 440.854645, 81.941788, 64.023773, 29.782936, 0.985185
38, 2, 56.251427, 197.672653, 106.052361, 100.618698, 0.999905
38, 2, 115.064575, 110.684456, 55.837601, 27.858681, 0.995372
38, 2, 254.488541, 91.971451, 44.966904, 17.798012, 0.974957
38, 2, 149.544083, 68.588379, 10.595703, 8.857376, 0.928874
38, 2, 440.892456, 81.921494, 63.908081, 29.821770, 0.985037
39, 2, 111.154480, 111.077286, 57.380768, 28.496506, 0.996488
39, 2, 56.231171, 198.696213, 109.388519, 101.245560, 0.997183
39, 2, 255.212479, 91.386047, 42.296494, 18.978264, 0.986870
39, 2, 149.503235, 68.666618, 10.632904, 8.842499, 0.917082
39, 2, 314.709961, 139.550507, 100.656342, 28.463440, 0.902203
39, 2, 440.777222, 82.178001, 64.198975, 29.592941, 0.987358
40, 2, 57.038982, 201.495453, 112.550613, 101.506622, 0.998096
40, 2, 109.150299, 110.940926, 57.428558, 28.387688, 0.994719
40, 2, 250.521454, 91.697746, 43.700592, 18.320007, 0.992051
40, 2, 318.562561, 138.804306, 103.057556, 30.080673, 0.930886
40, 2, 149.501205, 68.575401, 10.462051, 8.910759, 0.904237
40, 2, 440.687561, 82.273712, 64.425964, 29.457550, 0.988347
41, 2, 56.949284, 201.644791, 112.682510, 101.476395, 0.998192
41, 2, 250.475708, 91.699173, 43.892181, 18.326050, 0.992904
41, 2, 109.123650, 110.952126, 57.437401, 28.330086, 0.994795
41, 2, 317.927094, 139.325638, 102.751556, 28.687210, 0.916007
41, 2, 149.654739, 68.521698, 10.239120, 8.934891, 0.895327
41, 2, 440.855682, 82.458801, 64.143219, 29.308273, 0.988914
42, 2, 247.735474, 91.790787, 43.096405, 17.995445, 0.996117
42, 2, 107.889870, 111.622574, 57.690758, 27.808472, 0.997741
42, 2, 58.684128, 203.197861, 114.624344, 101.618362, 0.997675
42, 2, 323.019012, 139.070694, 101.525543, 31.777878, 0.957722
42, 2, 149.980194, 68.634003, 9.941711, 8.734261, 0.876891
42, 2, 440.907745, 82.416763, 64.066162, 29.211311, 0.988560
43, 2, 61.081120, 205.064697, 113.417084, 101.595154, 0.997658
43, 2, 243.653458, 91.703026, 43.995010, 18.146698, 0.993260
43, 2, 102.529015, 111.102936, 59.116463, 27.638214, 0.995449
43, 2, 326.179230, 138.621735, 100.395691, 31.065674, 0.965152
43, 2, 150.088928, 68.695671, 9.686295, 8.764153, 0.840603
43, 2, 439.185089, 82.535278, 64.196320, 29.536316, 0.988100
43, 7, 442.517609, 82.470459, 64.274414, 28.780136, 0.978514
44, 2, 64.885666, 207.136093, 116.816330, 103.146286, 0.999215
44, 2, 98.306419, 112.879524, 58.416496, 29.415581, 0.996653
44, 2, 331.241364, 138.274063, 98.288086, 30.965683, 0.967912
44, 2, 243.275314, 91.240700, 43.381729, 19.166763, 0.979041
44, 2, 150.214600, 68.764290, 9.630936, 8.590462, 0.832117
44, 2, 439.049072, 82.500412, 64.515717, 29.658379, 0.988497
44, 7, 442.402649, 82.410973, 64.460785, 28.925735, 0.980193
45, 2, 68.825333, 210.664856, 119.558945, 106.146027, 0.999663
45, 2, 97.833672, 113.180023, 57.844826, 29.720367, 0.993405
45, 2, 240.625412, 90.961273, 44.905167, 18.758011, 0.994854
45, 2, 333.326904, 138.601379, 101.368774, 31.698364, 0.979832
45, 2, 150.634613, 68.606560, 9.201096, 8.503578, 0.811422
45, 2, 439.140961, 82.569954, 64.340637, 29.536026, 0.988550
45, 7, 442.516571, 82.401581, 64.296326, 28.877800, 0.980987
46, 2, 74.209496, 212.350052, 124.859993, 106.437271, 0.999891
46, 2, 92.617851, 113.293999, 59.681648, 30.558449, 0.995682
46, 2, 237.216583, 91.589798, 43.896545, 18.087601, 0.996299
46, 2, 337.739136, 138.339447, 99.924286, 32.294540, 0.962558
46, 2, 150.562500, 68.670578, 9.423447, 8.636421, 0.826100
46, 2, 439.270264, 82.566902, 64.135803, 29.601601, 0.989355
46, 7, 442.564545, 82.417686, 64.129272, 28.905052, 0.983092
47, 2, 74.483459, 212.433884, 124.449432, 106.302048, 0.999901
47, 2, 92.676453, 113.346176, 59.590454, 30.376068, 0.995865
47, 2, 237.284332, 91.514404, 43.803619, 18.202881, 0.996344
47, 2, 337.566406, 138.303329, 100.112335, 32.251312, 0.966911
47, 2, 150.532867, 68.508118, 9.429428, 8.715248, 0.801689
47, 2, 439.330017, 82.553627, 64.073273, 29.616959, 0.989350
47, 7, 442.581146, 82.451141, 64.054443, 28.859398, 0.982747
48, 2, 71.957047, 215.549942, 130.622330, 105.505142, 0.999937
48, 2, 88.811531, 114.174202, 60.248009, 30.047661, 0.996843
48, 2, 235.220688, 91.312195, 42.614792, 18.589600, 0.995730
48, 2, 341.835907, 137.723328, 100.912537, 32.655899, 0.943467
48, 2, 150.490128, 68.615738, 9.455185, 8.724495, 0.812515
48, 2, 439.397430, 82.755920, 64.047668, 29.387466, 0.989507
48, 7, 442.515320, 82.501007, 64.166901, 28.795143, 0.984280
49, 2, 70.987175, 215.890793, 134.435913, 109.924576, 0.999910
49, 2, 85.161530, 114.685051, 60.354828, 31.483513, 0.986848
49, 2, 232.311188, 91.478760, 43.611511, 18.457787, 0.986607
49, 2, 344.288422, 137.045822, 99.809326, 32.179932, 0.955332
49, 2, 150.666168, 68.831505, 9.375900, 8.368271, 0.823165
49, 2, 439.578125, 82.728325, 63.737061, 29.499878, 0.988880
49, 7, 442.544250, 82.503868, 64.100586, 28.926750, 0.984132
50, 2, 70.332405, 218.456512, 137.732086, 110.527130, 0.999980
50, 2, 83.359535, 115.550827, 61.725945, 29.906952, 0.995989
50, 2, 232.689194, 91.321693, 41.691269, 18.697754, 0.989322
50, 2, 349.501678, 136.880585, 98.672058, 33.545059, 0.942813
50, 2, 150.743698, 68.860794, 9.264664, 8.156471, 0.836847
50, 2, 439.555359, 82.669937, 63.714813, 29.596886, 0.989311
50, 7, 442.613556, 82.486877, 63.993561, 28.870316, 0.983384
51, 2, 69.741089, 225.810501, 143.375168, 107.053696, 0.999988
51, 2, 77.865662, 116.751213, 62.407578, 27.516792, 0.996584
51, 2, 228.200790, 91.495605, 43.028397, 18.408653, 0.996143
51, 2, 353.245636, 134.556351, 99.073303, 38.953400, 0.927135
51, 2, 150.737411, 68.926643, 9.407562, 8.226151, 0.838444
51, 2, 439.449524, 82.729889, 63.980042, 29.433502, 0.988993
51, 7, 442.579803, 82.593445, 64.040161, 28.661682, 0.983319
52, 2, 70.346123, 228.902176, 149.819550, 106.133377, 0.999988
52, 2, 73.551224, 116.039337, 61.544937, 29.517563, 0.996334
52, 2, 224.888260, 91.143234, 43.529190, 18.845139, 0.997483
52, 2, 357.240387, 134.249985, 99.109406, 38.205139, 0.886159
52, 2, 150.604065, 68.810196, 9.578445, 8.287376, 0.826893
52, 2, 439.447357, 82.583710, 63.980499, 29.671936, 0.989410
52, 7, 442.523315, 82.509331, 64.120728, 28.792099, 0.984693
53, 2, 70.297394, 228.840393, 149.881210, 106.037018, 0.999988
53, 2, 73.497726, 116.041245, 61.589188, 29.603516, 0.996454
53, 2, 225.016663, 91.124748, 43.467407, 18.897591, 0.997620
53, 2, 357.203156, 134.057465, 99.330048, 38.631561, 0.886239
53, 2, 150.700302, 68.819313, 9.575958, 8.271484, 0.836110
53, 2, 439.587982, 82.507195, 63.744141, 29.731575, 0.989251
53, 7, 442.750763, 82.420219, 63.730225, 28.789726, 0.984392
54, 2, 83.628212, 231.654068, 142.912872, 105.201584, 0.999970
54, 2, 72.400223, 116.790329, 61.796585, 29.863068, 0.994346
54, 2, 222.737671, 90.714371, 41.183563, 19.295525, 0.995336
54, 2, 363.483154, 135.244293, 94.214081, 34.474838, 0.843815
54, 2, 150.675232, 68.595047, 9.713074, 8.503929, 0.806314
54, 2, 439.599579, 82.431267, 63.669556, 29.875992, 0.989193
54, 7, 442.826447, 82.386322, 63.598694, 28.859978, 0.983951
55, 2, 87.367905, 232.079010, 144.696884, 105.390625, 0.999098
55, 2, 67.153564, 116.588158, 64.037796, 30.080360, 0.998359
55, 2, 221.677872, 90.638435, 41.004593, 20.012245, 0.992002
55, 2, 366.677795, 135.137665, 91.014038, 33.949112, 0.890050
55, 2, 150.713806, 68.636757, 9.753571, 8.493935, 0.808124
55, 2, 439.425720, 82.389801, 63.954803, 29.920845, 0.989412
55, 7, 442.745941, 82.372192, 63.789795, 28.869316, 0.984778
56, 2, 91.977112, 231.786789, 146.424866, 107.186966, 0.999711
56, 2, 63.506016, 120.363258, 64.749207, 28.351601, 0.997820
56, 2, 220.822922, 90.456009, 40.870102, 19.484322, 0.997061
56, 2, 370.517029, 134.875198, 95.601318, 33.969971, 0.930704
56, 2, 439.525299, 82.307755, 63.644653, 30.000603, 0.988928
56, 7, 442.990112, 82.279747, 63.416901, 28.946457, 0.983865
57, 2, 97.803436, 233.777084, 148.134384, 104.394363, 0.999791
57, 2, 217.445969, 90.649818, 40.467606, 19.955391, 0.995667
57, 2, 60.413120, 121.106308, 64.177841, 27.305801, 0.991647
57, 2, 369.779205, 131.778107, 100.979065, 39.445251, 0.960441
57, 2, 439.681122, 82.139084, 63.273224, 30.173103, 0.989425
57, 7, 443.033600, 82.155441, 63.422424, 29.057518, 0.982547
58, 2, 107.352226, 237.069870, 146.061829, 99.551010, 0.999798
58, 2, 216.636475, 90.819954, 38.291626, 19.502060, 0.993233
58, 2, 55.984241, 120.759285, 66.051849, 28.747032, 0.996554
58, 2, 372.999634, 132.096466, 101.875061, 39.401138, 0.944210
58, 2, 439.664276, 82.112328, 63.400970, 30.276665, 0.989859
58, 7, 442.986359, 82.210152, 63.478607, 29.081772, 0.984600
59, 2, 107.502518, 237.193573, 145.968369, 99.322296, 0.999800
59, 2, 55.955410, 120.671387, 66.073227, 28.948059, 0.996766
59, 2, 216.607437, 90.801430, 38.216522, 19.553185, 0.992911
59, 2, 372.972290, 132.371445, 102.028290, 39.272781, 0.938850
59, 2, 439.607056, 82.140495, 63.524658, 30.224724, 0.990037
59, 7, 442.921448, 82.272392, 63.553772, 29.009796, 0.985476
60, 2, 109.885612, 239.384445, 148.121277, 93.516495, 0.999790
60, 2, 51.266750, 122.718819, 67.241745, 25.735329, 0.996315
60, 2, 215.057266, 90.845444, 36.237839, 17.711098, 0.982750
60, 2, 379.097473, 134.333679, 101.008423, 34.081223, 0.928972
60, 2, 441.195618, 82.135452, 63.685852, 29.814087, 0.988650
61, 2, 110.541779, 241.468887, 148.525574, 90.453842, 0.999350
61, 2, 211.370483, 91.249092, 38.628586, 17.220978, 0.984308
61, 2, 48.478550, 122.156990, 64.173370, 26.968468, 0.976690
61, 2, 383.393738, 135.220535, 97.565582, 34.065582, 0.931797
61, 7, 443.000763, 82.006271, 63.368469, 29.578934, 0.983505
61, 2, 439.654724, 81.377464, 63.560669, 31.285721, 0.985686
62, 2, 107.622513, 242.949188, 156.790146, 88.312256, 0.999554
62, 2, 211.139450, 90.319504, 38.025360, 18.722092, 0.986890
62, 2, 388.455994, 133.304840, 92.733673, 35.363861, 0.979916
62, 2, 46.130562, 123.430565, 64.791855, 25.737801, 0.985816
62, 2, 439.703613, 81.399780, 63.522034, 31.292679, 0.984949
62, 7, 443.008270, 82.078697, 63.296906, 29.534340, 0.983574
63, 2, 107.318863, 245.045471, 164.558243, 87.590576, 0.999583
63, 2, 208.339905, 90.688942, 37.505066, 17.355736, 0.983658
63, 2, 38.162682, 123.512871, 66.377609, 26.530708, 0.992375
63, 2, 392.471344, 133.867554, 92.517426, 34.092957, 0.944487
63, 2, 439.633911, 81.366058, 63.630280, 31.555725, 0.985497
63, 7, 442.728607, 82.163033, 63.733551, 29.650146, 0.983552
64, 2, 107.295937, 248.728577, 170.710541, 82.575378, 0.999548
64, 2, 398.131287, 133.381226, 87.501190, 34.486633, 0.975682
64, 2, 206.441193, 90.597549, 36.384003, 16.780579, 0.982235
64, 2, 37.635395, 122.931229, 64.294464, 26.082428, 0.979187
64, 2, 439.732025, 81.416679, 63.431000, 31.301094, 0.984345
64, 7, 442.834778, 82.132820, 63.543030, 29.520126, 0.982483
65, 2, 106.609764, 248.922348, 171.893738, 82.222275, 0.999516
65, 2, 398.086243, 133.418793, 87.553101, 34.600037, 0.977156
65, 2, 206.429596, 90.590050, 36.440430, 16.815529, 0.982972
65, 2, 37.439045, 122.931931, 64.551193, 26.086380, 0.978653
65, 2, 439.662598, 81.471191, 63.592529, 31.195236, 0.984460
65, 7, 442.850830, 82.148994, 63.518768, 29.468758, 0.982260
66, 2, 119.259232, 253.069016, 166.581223, 79.653152, 0.999374
66, 2, 398.881317, 131.047455, 89.292969, 35.439865, 0.990634
66, 2, 203.907471, 90.252945, 35.935104, 18.890327, 0.988072
66, 2, 37.204876, 125.067596, 62.710140, 25.206390, 0.984234
66, 2, 439.717651, 81.336067, 63.391541, 31.367554, 0.985875
66, 7, 442.842224, 82.141884, 63.438995, 29.544266, 0.982141
67, 2, 123.616135, 254.677795, 167.693222, 78.974976, 0.998647
67, 2, 200.459595, 90.751778, 37.524597, 18.249298, 0.984943
67, 2, 404.192596, 132.655624, 83.505707, 34.854874, 0.972998
67, 2, 33.859695, 125.503441, 61.995094, 24.771431, 0.974292
67, 2, 439.723541, 81.534798, 63.416870, 31.075989, 0.984469
67, 7, 442.826477, 82.246048, 63.452393, 29.485924, 0.982363
68, 2, 129.685867, 257.398407, 166.659775, 77.490814, 0.998653
68, 2, 32.101990, 125.854309, 59.313515, 24.923828, 0.982209
68, 2, 200.272217, 90.938293, 37.030350, 17.493378, 0.979627
68, 2, 407.723938, 130.577072, 84.608887, 34.649796, 0.928369
68, 2, 439.814728, 81.415031, 63.166687, 31.012390, 0.984182
68, 7, 443.022186, 82.097755, 63.073395, 29.486412, 0.980853
69, 2, 137.386307, 257.073456, 171.565689, 77.186676, 0.998815
69, 2, 409.398224, 130.323227, 84.640503, 35.490158, 0.991553
69, 2, 196.544662, 90.951111, 38.239685, 16.481903, 0.975203
69, 2, 27.417543, 126.456642, 60.676079, 24.446693, 0.926830
69, 2, 147.044006, 77.984818, 13.153900, 13.520752, 0.842963
69, 2, 439.961090, 81.299026, 62.951233, 31.042847, 0.984661
69, 7, 442.854492, 82.155182, 63.278534, 29.415146, 0.982234
70, 2, 142.991623, 259.123749, 165.681778, 73.731506, 0.996559
70, 2, 413.874664, 129.109024, 83.188202, 36.360001, 0.993865
70, 2, 194.605194, 91.057602, 37.627548, 16.155075, 0.955560
70, 2, 21.707022, 127.081596, 62.964722, 23.660622, 0.934324
70, 2, 147.341995, 78.495445, 12.865341, 12.868950, 0.859884
70, 2, 440.119019, 81.299622, 62.760040, 30.672630, 0.985405
70, 7, 443.093872, 82.135811, 62.867096, 29.143684, 0.985054
71, 2, 143.120514, 259.118774, 165.595367, 73.935364, 0.996218
71, 2, 413.926758, 129.067200, 83.118103, 36.438354, 0.994163
71, 2, 194.557022, 91.025230, 37.676224, 16.107849, 0.956655
71, 2, 21.100201, 127.160614, 63.577221, 23.681610, 0.938035
71, 2, 147.503891, 78.439522, 12.696915, 12.681770, 0.875415
71, 7, 443.002441, 82.187180, 63.015747, 29.193085, 0.985960
71, 2, 440.149628, 81.239517, 62.745209, 30.850098, 0.985209
72, 2, 416.661011, 128.954453, 80.670258, 36.621307, 0.991505
72, 2, 148.703979, 264.068176, 162.712097, 71.181824, 0.991972
72, 2, 194.024963, 90.670311, 35.484711, 16.922615, 0.972532
72, 2, 20.801994, 127.906410, 61.489807, 22.341545, 0.950815
72, 2, 147.465958, 78.211716, 12.739594, 12.965675, 0.886562
72, 2, 440.137665, 81.321808, 62.811249, 30.670647, 0.986056
72, 7, 443.187073, 82.211006, 62.678650, 29.034103, 0.985648
73, 2, 419.955902, 129.318573, 80.965302, 36.823166, 0.988269
73, 2, 147.403809, 267.497192, 167.616486, 67.866241, 0.980219
73, 2, 193.319107, 90.397942, 34.037354, 17.234734, 0.964028
73, 2, 24.139397, 128.594971, 54.572227, 21.444107, 0.948681
73, 2, 147.538147, 78.121361, 12.673965, 12.888283, 0.914394
73, 2, 440.049530, 81.223938, 62.920166, 30.715851, 0.986256
73, 7, 443.384003, 82.222702, 62.297394, 28.937302, 0.983436
74, 2, 151.664581, 269.676849, 173.395569, 67.044128, 0.997638
74, 2, 422.157898, 129.618607, 80.306976, 35.878860, 0.984217
74, 2, 190.814178, 90.622818, 34.833023, 16.931328, 0.935230
74, 2, 147.786621, 78.785263, 12.407700, 12.508194, 0.897628
74, 2, 18.164248, 128.512512, 55.368980, 21.782547, 0.833680
74, 2, 439.886993, 81.258286, 63.226837, 30.671669, 0.985101
74, 7, 443.635925, 82.181259, 61.981659, 28.940125, 0.983533
75, 2, 427.403809, 129.701523, 78.177429, 36.151108, 0.987973
75, 2, 160.913528, 275.004333, 169.962448, 63.992859, 0.997600
75, 2, 185.972137, 90.557281, 37.574265, 16.278519, 0.914248
75, 2, 148.087128, 78.950676, 12.089371, 12.378548, 0.894857
75, 2, 439.906342, 81.355103, 63.243774, 30.699966, 0.984821
75, 7, 443.590729, 82.168999, 62.139557, 29.125519, 0.983701
76, 2, 431.590393, 129.477859, 75.936737, 35.905273, 0.993349
76, 2, 184.523575, 90.124184, 36.728561, 16.819298, 0.960262
76, 2, 165.639206, 276.902557, 173.322464, 61.361389, 0.974618
76, 2, 148.381516, 79.122871, 11.867020, 12.243103, 0.885242
76, 2, 440.135010, 81.375130, 62.831604, 30.876205, 0.981774
76, 7, 443.813141, 82.176086, 61.898010, 29.209152, 0.982120
77, 2, 431.465210, 129.435852, 75.995209, 36.037750, 0.993862
77, 2, 184.535278, 90.105034, 36.685303, 16.811546, 0.961924
77, 2, 165.841599, 276.909668, 172.921799, 61.307098, 0.973952
77, 2, 148.534256, 79.216156, 11.742477, 11.956482, 0.900221
77, 2, 439.900421, 81.307060, 63.295746, 31.010063, 0.981803
77, 7, 443.704865, 82.110786, 62.092133, 29.378609, 0.981322
78, 2, 433.785034, 128.920776, 76.973755, 35.459961, 0.990638
78, 2, 171.371780, 281.916931, 171.587814, 54.860077, 0.984317
78, 2, 183.799744, 89.816887, 34.637421, 17.442970, 0.974165
78, 2, 148.345245, 78.854637, 12.080185, 12.138214, 0.917649
78, 2, 15.829362, 131.374283, 45.063873, 18.236511, 0.811690
78, 2, 440.029266, 81.256241, 63.059906, 30.965782, 0.980543
78, 7, 443.926544, 82.033142, 61.658722, 29.348015, 0.980624
79, 2, 435.467712, 129.200302, 77.354248, 35.624680, 0.993368
79, 2, 182.728745, 89.896667, 33.759827, 17.343651, 0.984753
79, 2, 173.934357, 286.405457, 164.707611, 50.632385, 0.978369
79, 2, 148.074875, 78.497780, 12.224213, 12.495232, 0.907210
79, 2, 440.111694, 81.400505, 62.929596, 30.688034, 0.982851
79, 7, 444.094818, 82.018532, 61.311188, 29.326889, 0.980703
80, 2, 439.149597, 128.401505, 78.007202, 37.184479, 0.996688
80, 2, 182.490082, 89.245605, 32.238052, 17.968964, 0.976005
80, 2, 185.406342, 288.835571, 160.217041, 47.931824, 0.957732
80, 2, 147.713196, 77.580208, 12.691315, 13.267128, 0.920678
80, 2, 440.015015, 81.388840, 63.119720, 30.504845, 0.981398
80, 7, 444.021118, 82.076233, 61.383545, 29.139175, 0.981019
81, 2, 441.365814, 129.292679, 77.376068, 36.509827, 0.997611
81, 2, 147.802353, 76.683342, 13.009476, 13.367485, 0.943607
81, 2, 4.441469, 134.413254, 45.249752, 17.796326, 0.906685
81, 2, 194.620590, 292.523926, 154.463943, 43.794006, 0.894063
81, 2, 180.884918, 88.889633, 32.567383, 17.909203, 0.879640
81, 2, 442.219940, 81.739227, 61.916931, 29.740692, 0.981355
82, 2, 443.695892, 128.046753, 77.484344, 36.303055, 0.997904
82, 2, 147.801498, 76.667366, 13.113434, 13.176414, 0.949086
82, 2, 176.039642, 89.427811, 35.728317, 17.116859, 0.930338
82, 2, 3.168016, 134.854935, 42.823738, 16.929794, 0.895155
82, 2, 207.104523, 297.384003, 148.608704, 38.397675, 0.872157
82, 2, 442.132324, 81.765617, 62.022186, 29.780800, 0.982750
83, 2, 443.562378, 128.014099, 77.625122, 36.594376, 0.997514
83, 2, 147.980347, 76.638466, 12.959061, 13.134293, 0.954355
83, 2, 176.054459, 89.385971, 35.711136, 17.119545, 0.933221
83, 2, 3.102376, 134.876389, 43.167446, 16.760178, 0.868016
83, 2, 207.419281, 297.369659, 147.930878, 38.374786, 0.877286
83, 2, 441.992004, 81.747086, 62.242340, 30.012169, 0.983227
84, 2, 446.742401, 128.611588, 75.583160, 37.615921, 0.993742
84, 2, 174.468628, 88.869034, 35.023087, 17.463417, 0.967485
84, 2, 214.115768, 301.943787, 143.703262, 34.497406, 0.948937
84, 2, 148.214920, 76.751518, 12.743515, 12.835167, 0.949658
84, 2, 439.964600, 81.370049, 63.124298, 30.882973, 0.984944
84, 7, 443.888611, 82.145210, 61.572449, 29.271606, 0.982179
85, 2, 449.059692, 128.004074, 75.001282, 36.305954, 0.997940
85, 2, 172.984940, 88.902618, 34.326630, 17.659554, 0.957101
85, 2, 148.443161, 76.982712, 12.408340, 12.635551, 0.943908
85, 2, 440.116699, 81.374092, 62.832611, 30.822906, 0.986943
85, 7, 444.066010, 82.074036, 61.275818, 29.108177, 0.984555
86, 2, 450.925476, 126.640251, 72.292664, 34.039955, 0.999102
86, 2, 172.383087, 88.818565, 33.311844, 18.111801, 0.955794
86, 2, 148.800568, 77.208008, 12.059341, 12.767029, 0.922672
86, 2, 440.263977, 81.322357, 62.592926, 31.195267, 0.987529
86, 7, 443.982697, 82.046234, 61.350983, 29.473030, 0.985012
87, 2, 452.711029, 126.354080, 76.146393, 34.712463, 0.999092
87, 2, 171.355133, 89.237175, 32.402451, 17.246231, 0.976523
87, 2, 148.995163, 77.546005, 11.499176, 12.425156, 0.913484
87, 7, 444.104645, 82.160042, 61.221588, 29.306076, 0.986376
87, 2, 440.267365, 81.614998, 62.526733, 30.875938, 0.987971
88, 2, 456.690002, 126.196732, 75.228943, 34.313919, 0.998718
88, 2, 172.311722, 89.677505, 29.268036, 16.027412, 0.943892
88, 2, 149.218567, 77.945244, 11.342880, 11.752335, 0.932030
88, 7, 444.011139, 82.366890, 61.540070, 28.654999, 0.986314
88, 2, 440.252899, 81.937408, 62.427612, 29.998627, 0.987561
89, 2, 456.632568, 126.204758, 75.408142, 34.174545, 0.998698
89, 2, 172.269897, 89.681252, 29.289261, 15.970100, 0.941293
89, 2, 149.120941, 77.954735, 11.550476, 11.756111, 0.940352
89, 7, 443.999939, 82.375870, 61.638397, 28.501076, 0.985806
89, 2, 440.241882, 82.002899, 62.411316, 29.792503, 0.987282
90, 2, 461.705627, 125.896164, 67.838806, 32.459183, 0.996090
90, 2, 165.736496, 89.628944, 34.164413, 14.493538, 0.959197
90, 2, 149.140747, 78.029320, 11.593491, 11.934822, 0.938664
90, 2, 440.471252, 82.104668, 61.937958, 29.573784, 0.986684
90, 7, 444.300446, 82.396606, 61.300629, 28.313255, 0.986275
91, 2, 526.192017, 97.733383, 46.133179, 18.682175, 0.995261
91, 2, 15.708714, 193.009491, 125.601227, 94.153625, 0.983498
91, 2, 148.446854, 83.907707, 20.124374, 16.283958, 0.890517
91, 2, 507.712158, 118.592743, 41.690247, 28.041992, 0.861163
91, 7, 441.889313, 81.140434, 62.337341, 30.141106, 0.983198
92, 2, 26.053097, 194.679474, 118.439026, 91.909149, 0.998053
92, 2, 523.280457, 98.507355, 46.478333, 17.333931, 0.995448
92, 2, 148.011078, 84.193855, 20.910126, 15.859131, 0.934781
92, 2, 509.375702, 118.913574, 38.431976, 27.215729, 0.924274
92, 7, 441.882660, 81.236855, 62.423798, 30.050888, 0.985629
93, 2, 23.451986, 195.107361, 125.706535, 93.510742, 0.994015
93, 2, 519.975525, 97.997787, 46.064941, 18.004921, 0.994308
93, 2, 147.784241, 84.047920, 20.439713, 15.706047, 0.937472
93, 7, 441.951324, 81.238678, 62.286102, 30.060020, 0.983585
94, 2, 28.752329, 199.067932, 123.759346, 91.332214, 0.997514
94, 2, 518.586487, 98.020248, 47.245422, 18.158089, 0.983627
94, 2, 147.634598, 84.336182, 20.246902, 15.638878, 0.952787
94, 7, 441.882172, 81.292091, 62.450195, 30.172432, 0.983547
95, 2, 28.806894, 199.307617, 123.606361, 91.257843, 0.997020
95, 2, 518.535400, 97.997849, 47.318298, 18.225685, 0.984077
95, 2, 147.579437, 84.418053, 20.416672, 15.635925, 0.951526
95, 7, 441.901733, 81.264389, 62.415527, 30.202583, 0.983648
96, 2, 32.429798, 200.597229, 124.857376, 95.027924, 0.997002
96, 2, 514.731445, 97.738907, 46.997375, 16.623512, 0.986748
96, 2, 147.057526, 84.407394, 20.482498, 15.540199, 0.965584
96, 7, 441.765198, 81.172371, 62.601990, 30.298172, 0.982769
97, 2, 48.082115, 202.772324, 108.997200, 94.516922, 0.999463
97, 2, 511.686432, 97.713051, 47.048615, 16.383713, 0.990584
97, 2, 146.912827, 84.273392, 19.390930, 15.500450, 0.970600
97, 7, 441.728638, 80.979340, 62.675751, 30.431686, 0.982187
98, 2, 56.496593, 202.477402, 105.830368, 99.075089, 0.999708
98, 2, 507.526947, 97.444374, 47.602142, 17.403908, 0.981258
98, 2, 146.857162, 84.155647, 19.253647, 15.550629, 0.958374
98, 0, 50.646278, 102.682327, 8.587284, 16.063248, 0.819643
98, 7, 441.820190, 80.753868, 62.490417, 30.734428, 0.981755
99, 2, 55.686451, 204.360168, 110.535568, 99.519043, 0.999606
99, 2, 506.434265, 97.607628, 47.760620, 17.534637, 0.987729
99, 2, 146.796127, 84.430328, 19.227905, 15.574623, 0.960398
99, 7, 441.804504, 81.004974, 62.679138, 30.468056, 0.984968
99, 0, 50.794376, 102.351578, 8.621407, 16.536140, 0.808882
100, 2, 58.087639, 205.480942, 113.862373, 101.146011, 0.996839
100, 2, 503.263062, 97.520439, 47.167053, 17.288139, 0.994556
100, 2, 146.757233, 84.601067, 19.151321, 15.507446, 0.958493
100, 7, 441.903870, 80.994438, 62.554810, 30.422684, 0.986231
100, 0, 50.864349, 102.048615, 8.865273, 16.913200, 0.848063
100, 2, 512.635437, 119.091354, 40.550476, 24.724854, 0.848675
101, 2, 58.042828, 205.487427, 114.153168, 100.870636, 0.996649
101, 2, 503.238800, 97.546799, 47.239410, 17.303429, 0.994770
101, 2, 146.625168, 84.616165, 19.333191, 15.469460, 0.962364
101, 0, 50.884171, 102.097710, 8.768906, 16.883514, 0.858276
101, 7, 441.871124, 81.000908, 62.616272, 30.433563, 0.986222
101, 2, 512.594055, 119.057625, 40.536621, 24.732399, 0.864512
102, 2, 58.531197, 206.749908, 114.701469, 101.506134, 0.999084
102, 2, 500.463226, 97.296021, 46.497223, 17.013275, 0.994163
102, 2, 146.745575, 84.634033, 18.607574, 15.394455, 0.952031
102, 7, 442.271362, 80.990059, 61.757996, 30.365051, 0.984480
102, 0, 50.782238, 101.776009, 8.769176, 17.146111, 0.833020
103, 2, 64.514900, 205.266052, 117.259727, 110.393829, 0.999602
103, 2, 496.410583, 97.114189, 45.867981, 19.348701, 0.991201
103, 2, 146.713837, 84.412415, 18.109451, 15.321175, 0.910692
103, 7, 442.270599, 80.983238, 61.914276, 29.859238, 0.985191
103, 0, 50.798138, 101.526764, 8.813339, 17.337433, 0.830768
103, 2, 516.066956, 116.352814, 38.496765, 27.205246, 0.830227
104, 2, 63.867683, 208.419861, 124.228432, 108.113068, 0.999830
104, 2, 496.314575, 97.173218, 45.131958, 18.917572, 0.984467
104, 7, 442.467010, 80.905899, 61.656494, 29.843292, 0.981789
104, 2, 146.529190, 84.238510, 17.882996, 15.335739, 0.854774
104, 2, 516.665283, 116.600441, 38.802368, 25.708138, 0.853678
105, 2, 68.307854, 210.659363, 133.527771, 110.717590, 0.999907
105, 2, 492.604279, 97.319923, 46.475739, 19.224487, 0.989245
105, 7, 442.307831, 80.885895, 62.000244, 30.023094, 0.982947
105, 2, 517.707886, 116.313080, 37.606750, 26.207901, 0.864508
106, 2, 67.976425, 211.625977, 137.597733, 112.700195, 0.999904
106, 2, 490.209167, 97.494194, 46.459778, 18.959167, 0.989057
106, 7, 442.424255, 80.902359, 61.764313, 30.022034, 0.974609
106, 0, 50.534588, 101.879471, 9.245262, 16.210197, 0.817357
107, 2, 68.088249, 211.663162, 137.258789, 112.284775, 0.999907
107, 2, 490.161896, 97.454895, 46.486237, 18.828918, 0.989206
107, 0, 50.545174, 101.804596, 9.210724, 16.264603, 0.829958
107, 7, 442.440033, 80.903587, 61.725098, 30.124786, 0.974129
108, 2, 68.135185, 215.004395, 140.365265, 111.305603, 0.999856
108, 2, 485.086060, 96.835907, 46.387878, 20.102196, 0.992183
108, 2, 520.342468, 114.891487, 36.710449, 26.625206, 0.909033
108, 0, 50.630684, 102.016708, 9.210678, 15.904732, 0.823638
108, 7, 442.780914, 80.905266, 61.328430, 29.853584, 0.975421
109, 2, 64.797028, 217.655273, 148.261520, 113.644562, 0.999783
109, 2, 484.231598, 97.149071, 46.291412, 19.696732, 0.988990
109, 0, 50.517410, 102.083702, 8.954502, 15.822205, 0.828743
109, 7, 442.077026, 81.176178, 62.609711, 29.641701, 0.973296
110, 2, 62.213142, 218.706207, 155.270874, 115.172241, 0.999963
110, 2, 479.325867, 97.104286, 49.483521, 19.441002, 0.995962
110, 0, 50.598175, 102.010963, 8.802544, 15.936554, 0.848337
110, 7, 444.203003, 81.876472, 62.153290, 28.254845, 0.961230
110, 2, 440.344299, 80.561409, 62.063416, 30.532089, 0.972860
111, 2, 65.064873, 226.048599, 155.889465, 110.823593, 0.999981
111, 2, 477.433411, 97.274467, 47.883545, 18.678658, 0.994114
111, 2, 523.216248, 114.087158, 34.290283, 27.538055, 0.838428
111, 0, 50.524120, 102.067078, 9.072826, 15.756447, 0.846347
111, 2, 440.613708, 80.236290, 61.718170, 31.095924, 0.957312
111, 7, 443.090454, 81.745895, 64.267120, 29.366425, 0.957855
112, 2, 77.870903, 227.610703, 150.861145, 110.644272, 0.999938
112, 2, 472.061920, 96.295296, 49.252350, 20.001831, 0.986033
112, 2, 524.211731, 113.450493, 35.351746, 26.009590, 0.945459
112, 2, 146.060837, 84.351715, 17.365829, 14.680565, 0.828373
112, 0, 50.400700, 102.151985, 9.348881, 15.458466, 0.853198
112, 7, 444.473999, 81.351074, 62.472168, 29.383148, 0.941899
112, 2, 441.188110, 80.162010, 60.403900, 30.829865, 0.897632
113, 2, 77.952843, 227.537842, 150.434021, 110.793640, 0.999940
113, 2, 472.127655, 96.338669, 49.174591, 19.941978, 0.985853
113, 2, 524.190674, 113.409348, 35.397461, 26.051147, 0.948722
113, 2, 146.095001, 84.370750, 17.294189, 14.673752, 0.831448
113, 0, 50.384106, 102.137131, 9.440090, 15.538742, 0.854134
113, 7, 444.282715, 81.304657, 62.731140, 29.406960, 0.941579
113, 2, 441.065613, 80.062004, 60.638367, 30.888840, 0.905941
114, 2, 85.247520, 229.474762, 149.757141, 108.302307, 0.999917
114, 2, 471.097046, 96.471336, 49.118713, 19.282967, 0.933432
114, 2, 146.259872, 84.148033, 17.191345, 15.040924, 0.837684
114, 0, 50.400249, 102.003479, 9.329903, 15.547325, 0.877670
114, 2, 146.694427, 76.892502, 15.315338, 13.863457, 0.802953
114, 7, 442.435242, 81.513733, 66.426331, 29.937706, 0.942596
114, 2, 441.210754, 80.132195, 59.836151, 31.285408, 0.912720
115, 2, 91.216141, 232.148392, 151.151123, 105.205948, 0.999880
115, 2, 464.811707, 94.743858, 52.689331, 20.306549, 0.906283
115, 2, 524.602661, 113.220253, 35.058044, 27.120171, 0.893452
115, 2, 146.728363, 77.209984, 15.228500, 13.578201, 0.838231
115, 0, 50.514412, 101.881310, 9.270321, 16.007767, 0.883021
115, 7, 442.896790, 81.715347, 67.553833, 30.365929, 0.958035
115, 2, 441.415039, 80.483612, 59.101318, 31.242859, 0.873037
116, 2, 95.714867, 233.983871, 156.238281, 101.775162, 0.999821
116, 0, 50.590706, 101.747345, 9.185177, 16.556351, 0.910631
116, 2, 464.064087, 94.865341, 49.876770, 19.769707, 0.871118
116, 2, 146.426193, 77.514359, 15.440796, 13.597908, 0.839491
116, 2, 524.751648, 113.617538, 35.153931, 26.074265, 0.844569
116, 2, 441.427582, 80.724312, 58.884338, 31.183830, 0.877858
116, 7, 443.555908, 81.745697, 66.613434, 30.758965, 0.967416
117, 2, 104.278870, 236.777893, 157.681641, 96.981323, 0.999350
117, 0, 50.507469, 101.842804, 9.414505, 16.639381, 0.913289
117, 2, 146.399521, 77.877357, 15.545502, 13.979523, 0.860403
117, 2, 525.271851, 112.842400, 36.340088, 26.417412, 0.871814
117, 2, 443.655792, 85.030502, 63.059723, 29.700134, 0.869922
117, 7, 443.792572, 81.562706, 65.077362, 31.588448, 0.966396
118, 2, 104.879280, 239.581665, 158.774506, 91.723999, 0.996075
118, 0, 50.380711, 102.176842, 9.472935, 16.150200, 0.921295
118, 2, 146.969452, 77.891815, 15.287857, 13.545486, 0.844309
118, 2, 525.666016, 112.836266, 35.769409, 28.738899, 0.807032
118, 2, 440.697693, 79.936760, 61.684906, 32.585472, 0.885633
118, 7, 444.120026, 80.704262, 64.007416, 32.385201, 0.972391
119, 2, 104.929390, 239.279984, 158.620117, 92.265274, 0.996138
119, 0, 50.439358, 102.156921, 9.481377, 15.989861, 0.918506
119, 2, 147.147827, 77.928391, 15.136078, 13.472336, 0.848041
119, 2, 525.617188, 112.513687, 35.749329, 29.138687, 0.838535
119, 2, 442.599854, 80.441513, 62.675049, 32.340569, 0.885462
120, 2, 101.587074, 241.008179, 168.519775, 89.019440, 0.997621
120, 0, 50.415901, 102.244194, 9.440880, 15.780113, 0.913265
120, 2, 445.967865, 84.056969, 57.912994, 29.209518, 0.833963
120, 2, 147.268219, 77.669357, 15.112213, 13.583694, 0.826117
120, 2, 525.809692, 112.147461, 35.826538, 29.292953, 0.861186
121, 2, 103.385368, 244.815369, 175.538513, 84.469971, 0.998995
121, 0, 50.671425, 102.714165, 8.996815, 14.859795, 0.916996
121, 2, 147.807297, 77.589867, 14.370682, 12.828339, 0.811705
121, 2, 443.352661, 80.669800, 59.322144, 32.151939, 0.964162
122, 2, 113.288544, 242.772690, 174.748718, 87.742722, 0.999207
122, 0, 50.710876, 102.726242, 8.958546, 15.000633, 0.906101
122, 2, 147.846130, 77.705780, 14.076721, 12.785912, 0.840673
122, 2, 443.110840, 80.744408, 59.644165, 31.829239, 0.980459
123, 2, 114.542053, 242.869202, 185.205505, 88.643097, 0.999459
123, 0, 50.866516, 102.824631, 8.904881, 15.079269, 0.888269
123, 2, 147.939835, 77.801994, 13.665833, 12.394218, 0.848616
123, 2, 0.783807, 149.985107, 36.578625, 28.097900, 0.812063
123, 2, 442.811005, 80.395668, 56.715240, 31.273048, 0.985107
123, 5, 441.906128, 81.103157, 64.895844, 30.836464, 0.969764
124, 2, 120.048256, 244.404861, 185.485962, 85.688339, 0.999319
124, 2, 148.029938, 77.331184, 13.546783, 12.201431, 0.857106
124, 0, 50.816948, 103.359322, 8.950855, 14.714638, 0.848036
124, 2, 442.481171, 81.550026, 56.958313, 30.442696, 0.955558
124, 2, 583.494995, 121.847420, 16.103088, 39.418724, 0.803879
124, 5, 442.548096, 82.101677, 64.379181, 28.262726, 0.938161
125, 2, 120.436821, 244.395264, 184.916107, 85.583771, 0.999313
125, 2, 147.998932, 77.458504, 13.651840, 12.248299, 0.863527
125, 0, 50.883392, 103.460518, 8.900368, 14.598953, 0.832802
125, 2, 442.438141, 81.882767, 56.983398, 30.061035, 0.951087
125, 2, 583.407837, 121.812126, 16.146484, 39.412178, 0.804358
125, 5, 442.640808, 82.168755, 64.245148, 28.086449, 0.932422
126, 2, 127.167229, 249.740723, 187.050110, 83.976471, 0.999281
126, 2, -0.469374, 148.716614, 47.131504, 31.852020, 0.928225
126, 2, 147.648376, 77.289299, 14.168732, 12.941292, 0.881961
126, 2, 441.231781, 85.141006, 59.644867, 26.830986, 0.828983
126, 0, 50.963139, 103.449814, 9.078236, 14.688622, 0.804225
126, 2, 583.492126, 121.642570, 16.204224, 38.521263, 0.847899
127, 2, 137.060959, 252.435364, 185.766678, 80.376068, 0.997676
127, 2, -2.093991, 149.057007, 54.254940, 31.909134, 0.924485
127, 2, 440.172058, 85.720589, 60.608215, 26.086586, 0.877694
127, 2, 147.709122, 77.286087, 14.269516, 12.821396, 0.854955
127, 2, 583.219177, 121.442039, 16.287964, 38.623238, 0.862743
128, 2, 143.920105, 251.366882, 173.782990, 84.013733, 0.994437
128, 2, -2.869559, 148.771896, 59.065411, 30.940689, 0.929997
128, 2, 147.891769, 77.743919, 14.130051, 12.602364, 0.852479
128, 2, 435.164520, 86.642609, 66.223999, 26.666954, 0.851020
128, 0, 51.022942, 103.190193, 8.974846, 14.931320, 0.817849
128, 2, 582.826416, 121.232063, 16.633484, 39.662193, 0.880507
129, 2, 146.358582, 256.625031, 170.889465, 75.785797, 0.989760
129, 2, -2.125347, 149.997406, 61.957546, 29.609436, 0.959295
129, 2, 432.294617, 90.212433, 62.836731, 23.965538, 0.932500
129, 2, 147.583954, 77.925415, 14.551117, 12.988525, 0.881388
129, 0, 51.282284, 102.694214, 8.868790, 15.562950, 0.821911
129, 2, 582.298523, 122.199921, 17.359680, 38.001984, 0.893264
130, 2, -1.553348, 150.218781, 64.992531, 28.959671, 0.961414
130, 2, 143.696838, 261.948486, 180.445557, 70.752563, 0.983017
130, 2, 429.855225, 89.882256, 65.935577, 23.959694, 0.956312
130, 2, 147.544861, 77.914345, 14.674026, 12.949303, 0.885026
130, 0, 51.372128, 102.440956, 8.667610, 15.897514, 0.825587
130, 2, 582.240723, 122.511093, 17.358948, 37.402649, 0.857491
131, 2, -1.804838, 150.667496, 65.528305, 28.245270, 0.961142
131, 2, 144.046753, 261.848267, 179.576172, 70.625549, 0.981435
131, 2, 429.814911, 89.692413, 66.489594, 24.244789, 0.935273
131, 2, 147.700348, 77.900864, 14.614883, 13.108055, 0.888187
131, 2, 582.326965, 122.632240, 17.335510, 37.336098, 0.849528
132, 2, 150.282745, 263.307373, 183.441193, 69.139404, 0.973468
132, 2, -1.634954, 150.325546, 67.288521, 30.514771, 0.933274
132, 2, 147.930817, 77.899429, 14.494492, 13.372383, 0.919289
132, 2, 426.675934, 93.128853, 59.896515, 21.423599, 0.845699
132, 0, 51.526497, 102.704651, 8.534092, 15.668983, 0.815552
132, 2, 582.105103, 122.203575, 17.836914, 36.802803, 0.879564
132, 7, 426.438263, 82.631996, 80.181152, 30.640938, 0.888369
133, 2, 158.709717, 264.502441, 177.523041, 67.364197, 0.967285
133, 2, 148.269608, 77.935852, 14.119781, 13.396812, 0.912160
133, 2, -1.656001, 149.969498, 68.590607, 30.763519, 0.877800
133, 0, 51.464020, 102.667877, 8.609741, 15.692841, 0.823233
133, 2, 581.932800, 122.572205, 17.841675, 36.564911, 0.894581
133, 7, 424.358337, 82.319839, 80.817444, 32.126427, 0.932482
134, 2, 161.452744, 269.764099, 185.734604, 63.915405, 0.990549
134, 2, 417.276794, 94.495232, 52.610504, 19.706291, 0.902886
134, 2, 147.973587, 77.842560, 14.073196, 13.337585, 0.892575
134, 2, -0.526984, 151.360352, 74.420921, 29.640854, 0.871756
134, 0, 51.497765, 102.553543, 8.410484, 15.812790, 0.845119
134, 2, 581.580994, 122.438354, 18.056458, 36.435349, 0.900715
135, 2, 165.957321, 271.289337, 191.102982, 62.888611, 0.988314
135, 2, -0.153326, 150.527710, 74.393761, 30.394089, 0.927793
135, 2, 415.568878, 93.920380, 52.504517, 19.761261, 0.932066
135, 2, 147.818604, 77.925438, 14.277527, 13.221230, 0.871513
135, 2, 581.359924, 122.165833, 18.385925, 34.618118, 0.917233
135, 0, 51.608593, 102.555679, 8.194675, 15.879448, 0.824037
136, 2, 1.368529, 150.715805, 75.585266, 31.756256, 0.983875
136, 2, 147.997162, 78.056213, 14.153214, 12.798416, 0.888843
136, 2, 175.858322, 274.765900, 183.489365, 59.915375, 0.898548
136, 2, 411.995361, 94.042839, 53.865356, 19.684868, 0.855357
136, 2, 581.459839, 122.379669, 18.207153, 34.325760, 0.921180
136, 0, 51.716919, 102.540466, 7.951424, 15.952141, 0.821742
137, 2, 1.483616, 150.635239, 75.441139, 31.697754, 0.986502
137, 2, 175.959915, 274.628143, 183.420914, 60.037598, 0.898554
137, 2, 148.043671, 78.077980, 14.026138, 12.661781, 0.883779
137, 2, 411.972656, 94.070244, 53.947144, 19.744400, 0.873688
137, 2, 581.511658, 122.262093, 18.159424, 34.557457, 0.919777
137, 0, 51.680641, 102.520164, 7.995911, 15.905922, 0.830355
138, 2, 407.818817, 95.348083, 53.739532, 19.134872, 0.985811
138, 2, 3.791483, 150.635849, 75.028282, 32.204300, 0.984809
138, 2, 184.765274, 282.324524, 181.011826, 52.893677, 0.924687
138, 2, 148.316513, 77.942101, 13.952240, 12.467941, 0.908947
138, 0, 51.757572, 102.730644, 7.976223, 15.679260, 0.845331
138, 2, 580.856079, 121.625298, 18.623535, 36.516624, 0.876498
139, 2, 406.591644, 95.936050, 51.578613, 18.186363, 0.993492
139, 2, 5.691775, 148.195618, 77.189888, 35.307449, 0.979527
139, 2, 148.447189, 77.843903, 13.848557, 12.363976, 0.910196
139, 2, 198.154358, 285.272552, 170.472809, 51.260101, 0.914472
139, 2, 580.790100, 121.949959, 18.703308, 35.149696, 0.880583
139, 0, 51.983498, 102.748116, 7.524536, 15.658890, 0.811786
139, 7, 446.116577, 82.488113, 59.583740, 27.979439, 0.888221
139, 2, 434.144379, 83.050461, 70.998077, 28.628716, 0.829580
140, 2, 403.130585, 96.286674, 53.964600, 17.918274, 0.986542
140, 2, 6.503236, 148.651688, 80.059059, 31.430161, 0.977705
140, 2, 148.666824, 77.822639, 14.091080, 12.892120, 0.912577
140, 2, 581.098511, 122.067238, 18.216248, 34.443901, 0.911984
140, 7, 439.542603, 82.603210, 66.229279, 28.599808, 0.876430
141, 2, 6.290801, 148.140533, 87.941742, 34.345871, 0.987633
141, 2, 399.646698, 96.718491, 54.426575, 17.602486, 0.967372
141, 2, 148.928818, 78.208572, 13.936005, 12.940849, 0.919215
141, 2, 580.346497, 121.681580, 19.172791, 34.480072, 0.903756
141, 0, 51.487354, 102.847870, 7.849167, 15.854630, 0.823302
141, 2, 435.227600, 82.822037, 69.014313, 29.655823, 0.897608
142, 2, 396.591949, 96.851196, 51.868317, 17.365089, 0.989036
142, 2, 9.661422, 147.325333, 86.572090, 34.879044, 0.971791
142, 2, 148.893784, 78.400131, 13.773376, 12.745110, 0.928330
142, 0, 51.383617, 102.661949, 7.997772, 16.265671, 0.830477
142, 2, 580.721313, 121.413849, 18.492676, 34.949066, 0.863119
142, 7, 444.396332, 82.430183, 61.777649, 28.790428, 0.922828
142, 2, 438.782562, 82.894180, 63.560669, 29.691742, 0.958565
143, 2, 396.622528, 96.834778, 51.860687, 17.425430, 0.989061
143, 2, 9.060061, 147.483994, 87.305061, 34.748672, 0.972549
143, 2, 148.906586, 78.474686, 13.806198, 12.827423, 0.932156
143, 0, 51.400993, 102.624725, 7.955738, 16.355141, 0.806642
143, 2, 580.723083, 121.540070, 18.478882, 34.821457, 0.858032
143, 2, 438.617859, 82.900452, 63.795929, 29.728714, 0.958804
143, 7, 444.456635, 82.408730, 61.771393, 28.887314, 0.921249
144, 2, 394.591583, 96.195602, 49.517059, 16.973396, 0.981423
144, 2, 15.180399, 146.968262, 82.945045, 33.551208, 0.967171
144, 2, 148.913895, 78.334015, 13.641281, 12.382118, 0.913372
144, 0, 51.262665, 102.733299, 8.107655, 16.179756, 0.808152
144, 2, 580.678284, 121.509369, 18.511169, 35.549103, 0.809855
144, 2, 439.224060, 82.204559, 62.841980, 30.264214, 0.938914
144, 7, 445.000793, 82.111977, 61.004883, 28.810150, 0.923814
145, 2, 391.285126, 96.026077, 48.058777, 17.750534, 0.986108
145, 2, 22.604607, 148.910324, 81.738152, 29.775208, 0.979888
145, 2, 148.853973, 77.940781, 13.634552, 12.490395, 0.924766
145, 2, 580.258911, 120.422722, 19.056763, 35.899818, 0.846701
145, 2, 440.793732, 82.238434, 60.881409, 29.615723, 0.968854
145, 7, 444.758820, 82.014984, 60.832214, 28.599983, 0.969645
146, 2, 388.097321, 95.874397, 52.347198, 17.721222, 0.989693
146, 2, 32.058769, 148.040329, 72.757683, 30.902771, 0.965317
146, 2, 148.780182, 77.204002, 13.915131, 13.025970, 0.927483
146, 2, 580.859070, 120.180588, 18.080261, 36.600555, 0.817310
146, 2, 538.972046, 106.100708, 35.053223, 25.975723, 0.812823
146, 2, 440.261261, 81.840599, 61.647095, 29.696571, 0.977856
146, 7, 444.604614, 82.027512, 60.917755, 28.441956, 0.974441
147, 2, 384.742432, 95.793297, 49.466797, 17.375740, 0.985280
147, 2, 33.432163, 147.762268, 73.238708, 29.912766, 0.988315
147, 2, 149.057541, 77.179466, 13.780121, 12.877106, 0.923764
147, 2, 579.209778, 116.688675, 20.680176, 33.435165, 0.805001
147, 2, 439.836670, 81.758858, 61.939240, 29.586853, 0.974953
147, 7, 444.653809, 82.007347, 60.909515, 28.311012, 0.970122
148, 2, 36.870064, 149.073746, 76.675819, 27.611938, 0.974126
148, 2, 383.108734, 96.166641, 46.584930, 17.265388, 0.957994
148, 2, 149.393738, 76.947258, 13.733429, 13.247726, 0.902821
148, 2, 579.411438, 116.140182, 20.582336, 34.087830, 0.846286
148, 2, 440.027374, 81.608696, 61.580475, 30.022484, 0.976352
148, 7, 443.911987, 81.976761, 61.999969, 28.608856, 0.969338
149, 2, 382.938629, 96.241051, 46.724731, 17.393616, 0.965078
149, 2, 37.117016, 148.991928, 76.246109, 27.729355, 0.974963
149, 2, 149.291962, 77.034210, 13.884155, 13.283073, 0.904082
149, 2, 579.374878, 116.000664, 20.594360, 34.364433, 0.835460
149, 2, 440.067993, 81.616730, 61.495514, 29.967880, 0.977216
149, 7, 443.918610, 81.978653, 61.970184, 28.606705, 0.970099
